267850541
267850271
267850180
267850169
267850032
267850007
267849021
267847526
267847493
267847416
267847403
267846837
267846597
267846511
267845484
267845433
267845342
267845319
267845118
267845026
267850853
267851340
267851452
267851421
267851588
267851549
267851728
267851920
267851834
267852163
267852160
267852113
267852468
267852540
267852959
267853151
267853145
267853237
267853539
267859876
267859686
267858927
267857951
267857725
267857355
267857181
267856756
267856469
267856201
267856167
267855859
267855814
267854845
267854756
267854674
267854662
267854657
267854607
267854483
267860221
267860214
267860077
267860514
267860574
267860799
267860784
267861092
267861035
267861032
267861455
267861818
267861943
267862085
267862227
267862177
267862871
267863033
267863230
267863438
267864496
267864893
267864876
267865288
267865129
267865114
267865436
267865615
267865536
267865770
267865883
267866105
267866367
267866888
267867357
267890810
267890631
267890306
267889999
267889247
267889216
267888742
267887329
267887045
267886837
267886272
267886175
267886003
267885422
267884181
267882982
267882822
267882504
267882386
267882272
267912501
267912306
267911992
267911740
267911591
267911433
267911383
267911016
267910649
267909869
267909705
267909314
267909062
267909022
267908617
267908197
267907917
267907888
267907218
267907140
267912970
267913257
267913357
267913730
267914155
267914111
267914037
267914235
267914837
267915348
267932465
267931856
267931736
267931678
267930969
267930857
267930064
267929912
267927650
267927065
267926881
267926759
267926568
267926434
267926360
267925696
267925499
267925367
267925267
267925245
267934338
267934490
267934606
267934553
267934805
267936216
267936447
267936402
267936521
267937109
267937278
267938539
267939232
267939651
267940195
267940282
267941401
267941648
267941820
267942042
267942338
267942332
267943015
267943572
267943533
267943842
267943725
267943951
267944423
267944670
267944579
267945333
267945276
267945654
267946138
267946299
267946244
267947388
267947566
267947859
267948232
267948397
267948303
267948652
267948719
267948977
267949180
267949361
267949780
267949905
267950154
267950370
267950625
267951069
267951043
267951011
267950994
267950988
267951265
267951421
267951568
267952578
267952564
267952531
267953147
267953080
267953349
267953277
267953247
267953595
267953582
267953821
267953878
267954165
267954103
267954038
267954438
267954293
267954267
267954871
267955079
267955400
267955709
267955901
267956091
267956259
267956996
267956926
267957672
267958119
267958026
267958296
267958270
267958151
267958470
267958370
267958836
267958818
267958808
267958806
267958691
267958930
267958883
267959178
267959106
267959067
267959692
267959513
267959844
267959723
267960091
267960384
267960468
267961169
267961130
267961347
267961298
267961286
267961857
267962010
267962322
267962782
267962959
267963270
267963236
267963059
267963328
267963775
267964159
267964084
267964267
267964266
267964672
268007686
268007541
268007473
268007455
268007399
268007220
268006927
268006862
268006836
268006595
268006579
268006032
268005860
268005379
268005318
268005020
268004996
268004955
268004759
268004718
268008171
268008159
268008098
268008089
268008082
268007800
268008932
268008776
268008628
268008392
268009189
268009169
268009155
268009700
268009630
268009883
268009869
268009814
268010183
268011202
268011433
268011307
268011277
268011781
268022648
268022626
268021980
268021540
268021292
268020995
268020875
268020809
268020637
268020509
268020201
268020126
268020078
268019896
268019601
268019508
268019451
268019138
268019099
268019037
268022789
268023013
268024311
268024177
268024145
268024441
268025027
268025462
268025407
268027285
268027143
268026481
268026285
268026252
268025956
268025802
268059878
268059513
268059240
268059217
268058984
268058809
268058807
268058674
268058002
268057925
268057892
268057824
268057797
268057788
268057692
268057640
268057632
268056825
268056618
268056419
268060122
268059985
268059981
268060253
268060385
268060546
268060804
268060949
268060937
268061739
268062010
268062075
268062350
268062873
268063044
268062987
268063667
268063845
268063839
268063963
268063918
268063855
268064030
268064723
268064697
268064636
268064845
268064760
268065112
268065266
268065372
268065281
268065457
268065799
268066002
268066224
268066458
268066431
268066534
268066688
268066649
268066622
268066830
268066895
268067104
268067040
268067513
268067697
268067660
268067851
268067806
268067769
268067913
268068105
268068095
268068093
268068180
268068513
268068764
268073204
268073178
268073140
268072947
268072936
268072743
268072674
268072505
268072488
268072457
268072361
268072318
268072307
268072295
268072197
268072026
268071963
268071911
268071437
268071339
268073278
268073358
268073332
268073584
268073522
268073807
268073911
268074138
268074248
268074223
268074373
268074519
268074665
268074649
268074619
268074574
268074560
268075079
268075221
268075191
268075436
268075423
268075393
268075321
268075512
268075479
268075995
268075964
268075960
268075882
268076142
268076082
268076235
268076449
268076427
268076412
268076388
268076378
268076559
268076750
268077162
268077095
268077086
268077336
268077283
268077492
268078615
268078605
268078544
268078472
268078334
268078228
268078090
268077968
268077965
268077948
268077919
268077742
268077665
268077632
268078741
268079143
268079244
268079741
268079737
268080150
268080310
268080267
268080223
268080662
268080547
268080805
268080783
268080763
268080990
268081266
268081598
268081443
268081646
268081794
268084863
268084749
268084572
268084403
268084299
268084109
268084064
268084049
268083837
268083824
268083340
268083177
268083043
268082787
268082771
268082764
268082740
268082714
268082692
268082644
267837480
267827137
267754012
267740472
267707752
267706817
267706060
267703043
267702705
267567460
267566797
267498874
267497869
267496815
267496257
267495545
267495158
267494492
267493926
267493342
267492792
267492228
267491841
267491351
267490927
267490498
267674583
267673695
267671921
267671083
267669714
267667108
267666060
267665518
267664371
267663383
267661992
267661520
267809080
267808383
267807901
267806804
267805953
267805352
267804472
267803967
267802638
267802143
267801378
267800677
267799817
267799272
267798895
267845000
267844383
267843893
267843490
267843161
267842610
267842129
267841532
267831570
267830374
267829926
267829414
267828762
267828134
267827626
267834880
267833937
267833397
267832471
267831991
267831682
267830876
267830466
267830118
267829665
267828471
267828091
267827420
267827059
267826034
267849522
267849088
267848068
267847722
267810209
267808530
267802604
267801117
267800741
267800199
267799735
267799417
267798693
267765825
267811426
267810842
267809910
267808962
267807917
267807192
267806076
267805465
267804881
267803911
267800927
267800146
267799349
267724174
267719483
267715166
267713871
267712996
267712177
267711596
267710767
267710193
267704790
267704319
267703481
267702644
267701990
267701596
267811064
267782704
267781669
267780987
267780233
267778886
267778203
267776471
267776090
267775177
267774053
267772653
267772053
267771287
267770813
267770204
267615417
267614959
267614446
267613824
267613345
267612769
267607225
267606083
267605521
267407926
267364606
267363742
267363057
267362760
267361931
267694002
267693225
267692648
267692181
267691718
267691294
267691059
267767559
267766557
267765467
267764594
267763283
267757807
267756661
267755496
267754600
267753340
267752022
267750763
267706065
267704839
267702720
267649729
267648705
267648079
267647028
267646637
267646075
267645508
267620274
267580667
267580142
267546448
267545834
267437857
267427642
267238860
267523120
267522329
267813346
267812832
267812027
267811591
267810461
267809369
267807706
267805787
267805117
267804264
267803493
267912411
267911628
267910501
267882707
267881478
267881071
267880601
267880167
267879798
267879049
267878355
267877736
267877121
267893726
267892643
267892132
267891379
267885574
267884794
267903848
267894792
267894175
267899682
267899048
267898535
267898049
267897630
267897191
267896922
267896323
267895785
267895434
267895089
267894654
267907144
267906127
267905553
267904840
267871201
267870809
267869246
267868620
267868148
267867673
267867200
267866576
267865891
267864741
267864262
267863793
267863364
267862691
267880701
267932367
267930401
267929667
267929091
267927930
267927592
267927274
267925656
267913781
267913225
267927404
267922749
267922295
267919212
268002193
268003977
268002548
268000399
267997919
267988897
267986159
267985198
267984697
267983381
267982074
267981480
267978580
267977285
267976220
267975263
267976483
267975027
267974407
267973785
267972756
267971776
267970882
267970189
267969244
267968359
267967798
267987680
267987232
267983852
267980840
267975518
267962074
267961757
267961261
267987697
267986498
267985462
267984540
267983747
267983353
267982503
267981804
267980917
267979431
267977371
267955236
267954225
267952729
267950695
267949310
267948428
267947938
267947420
267946808
267945090
267944396
268024552
268023923
268025617
268024950
268037841
268036712
268035739
268034969
268034645
268034070
268033171
268031864
268031159
268028137
268057483
268056536
268055662
268054085
268052898
268051638
268051102
268050364
268047301
268050486
268048853
268048269
268047805
268045761
268045356
268036168
268034067
268032931
268032083
268027036
268041366
268031387
268030831
268026979
268070333
268081084
268076921
268071608
268071116
268070406
268069469
268068871
268075652
268055959
268054886
268053914
268053649
268044124
267918218
267917465
267916833
267906480
268051074
268050636
268049735
268048475
268047817
268046907
268046620
268045991
268045585
268044753
268044367
268046414
268039738
268034378
268033261
268023803
267916509
267894577
267893051
268055265
268054747
268054427
268053865
268053134
268052409
268051872
268051247
268050386
268050100
268049600
268048976
268048497
268048109
268047652
268031302
268055893
268055523
268054910
268046428
268046029
268044663
268044131
268043718
268042153
268041807
268041372
268040827
268040144
268079615
268084652
268084032
268083337
268081900
268079033
268077536
268083657
268066125
268065794
268065212
268062969
268060204
268062450
268061779
268061375
268060768
268060304
268057134
268055529
268054338
268053843
268052242
268083743
268082335
268081044
268080648
267897238
267896905
267896522
267896247
267895608
267895131
267894718
268062336
268061988
268061255
268060723
268059751
268058890
268058173
268056820
268055811
268055021
268054352
267951928
267941645
267899457
267897425
267897074
267896571
267896091
267895560
267868513
267867310
268225149
268225147
268225013
268225005
268225001
268224953
268224947
268224868
268224659
268224631
268224520
268224444
268224360
268224192
268224080
268224076
268223983
268223910
268223868
268223697
268225475
268225399
268225397
268225390
268225295
268225602
268225580
268225555
268225821
268225810
268225781
268225752
268225655
268226034
268225970
268225923
268225912
268226191
268226120
268226428
268226401
268226271
268226620
268226552
268226855
268226706
268226674
268227037
268226944
268226932
268226892
268227317
268227205
268227556
268227488
268227761
268227745
268227732
268227720
268227658
268227645
268227951
268227868
268227819
268228178
268228172
268228159
268228151
268228405
268228312
268228627
268228598
268228584
268228577
268228515
268228465
268228869
268228833
268228774
268228736
268228732
268229108
268229079
268228941
268229368
268229363
268229330
268229296
268229284
268229598
268229390
268229389
268229815
268229814
268229802
268229754
268229749
268229683
268229629
268230075
268229945
268229915
268229894
268229874
268229839
268230169
268230393
268230374
268230709
268230663
268230636
268230572
268230493
268218426
268210837
268203681
268167972
268201273
268200176
268199375
268198531
268197509
268196993
268222903
268222172
268220968
268219871
268219111
268217307
268216217
268215029
268214594
268213936
268213169
268212940
268212384
268223553
268222334
268221670
268221037
268220444
268219734
268218776
268216858
268215983
268215298
268210600
268210178
268209249
268208469
268223358
268222861
268222074
268221432
268220474
268219798
268219278
268218183
268217815
268217439
268148233
268146536
268145844
268145496
268144873
268144211
268143398
268142682
268142231
268141735
268141296
268140670
268140458
268140164
268139542
268211683
268211031
268210377
268209783
268208391
268207614
268206895
268206224
268204149
268162218
268160173
268159607
268158135
268157513
268156881
268142406
268139101
268115715
268115234
268114823
268114182
268113441
268113141
268112707
268112161
268111788
268111232
268110783
268110283
268222956
268222316
268221653
268221062
268218893
268218005
268216371
268215623
268214880
268213961
268213296
268106880
268106392
268105845
268105375
268104809
268104333
268103307
268103000
268102570
268101792
268101197
268100765
268100278
268095794
268095334
268101369
268100990
268100101
268099763
268099445
268099056
268227485
268219802
268219131
268218634
268174491
268173241
268172514
268204974
268204100
268202989
268202090
268201324
268200269
268199500
268198654
268197852
268197222
268196463
268195504
268194738
268193815
268193440
268230099
268086513
268085896
268085314
268222820
268221880
268103527
268096143
268092326
268088721
268087697
268087196
268086584
268086036
268085441
268085166
268133570
268128309
268127277
268126709
268126480
268126321
268126100
268085916
268115428
268114738
268095507
268095058
268094551
268093972
268093439
268092676
268092134
268091569
268091309
268090606
268090152
268089759
268089282
268230617
268229353
268227719
268226857
268224728
268178016
268176934
268176256
268176255
268149309
268148563
268147970
268147455
268146695
268145730
268142891
268088910
268088152
268231086
268231056
268231043
268231033
268231029
268230913
268231336
268231287
268231286
268231250
268231220
268231460
268231380
268231836
268231807
268231766
268231756
268231730
268231908
268231899
268232303
268232272
268232418
268232409
268232388
268232736
268232642
268233103
268232923
268232893
268233368
268233259
268233201
268233591
268233579
268233538
268233471
268233459
268233788
268233758
268233642
268234153
268234150
268234119
268234107
268234024
268233935
268233931
268234264
268234244
268234596
268234587
268234578
268234502
268234494
268234493
268234479
268234988
268234935
268234710
268235175
268235151
268235101
268263664
268263589
268263453
268263411
268263213
268263059
268263050
268263042
268262937
268262935
268262815
268262679
268262495
268262459
268262412
268262196
268262147
268261943
268261939
268261930
268263732
268264233
268264217
268264187
268264129
268263973
268263953
268263940
268263914
268263840
268264246
268257485
268256878
268256239
268210478
268209793
268209092
268208689
268207844
268207040
268205498
268205087
268204251
268203369
268202585
268200519
268199309
268198871
268197890
268261835
268259189
268258207
268255014
268253798
268252331
268249955
268248160
268244887
268240883
268222616
268220410
268263438
268262136
268261388
268260443
268259962
268259616
268259148
268258680
268246263
268245231
268242269
268241558
268240851
268239925
268260557
268259534
268259185
268258298
268257524
268255722
268254740
268253438
268250345
268248440
268246690
268241952
268263600
268260944
268260462
268259574
268258847
268258367
268257835
268257128
268255885
268255229
268254553
268253227
268252637
268262882
268260806
268021688
268021185
268014529
268013810
267968009
267954259
267953154
267952811
268263700
268262989
268261530
268260481
268259316
268260190
268258527
268256616
268255519
268254148
268222016
268221254
268220537
268219555
268263400
268261958
268259996
268258787
268257718
268256723
268255465
268254499
268252979
268251870
268250599
268248863
268247641
268246884
268246462
268246726
268246188
268242392
268241936
268240685
268239505
268238266
268237314
268236709
268235959
268235705
268230996
268228532
268265147
268265013
268264954
268264808
268264726
268264689
268264437
268264420
268264391
268264380
268264312
268265276
268265221
268265734
268265730
268265719
268265612
268266002
268265986
268265955
268265877
268266308
268266166
268266143
268266084
268266054
268267937
268267853
268267839
268267623
268267535
268267206
268266893
268266658
268266467
268265061
268259943
268258294
268255668
268230592
268180513
268171756
268261103
268259517
268258338
268257051
268255602
268253490
268252886
268076573
268054162
268053963
268263454
268262536
268261951
268260877
268255132
268253078
268251682
268251048
268249294
268210632
268210027
268209582
268258886
268257937
268256922
268256066
268266923
268267015
268265789
268264974
268260114
268256943
268255417
268253658
268252844
268251642
268250321
268266360
268265702
268265059
268171915
268166257
268165503
268156858
268264590
268261395
268260535
268260021
268259473
268258964
268258301
268257691
268261494
268257604
268256749
268254930
268219305
268218885
268218420
268217517
268216924
268250582
268248971
268248290
268246748
268245381
268244186
268243040
268242166
268241328
268240243
268238984
268238046
268236654
268235544
268238375
268232020
268229037
268227394
268183797
268182898
268182174
268265698
268221571
268221302
268177425
268172170
268171900
268171607
268171068
268170486
268168732
268248275
268244900
268243816
268242941
268236869
268235378
268230364
268239702
268238433
268235497
268201877
268200993
268223076
268221969
268221175
268219281
268218317
268210898
268209948
268267290
268267196
268257420
268220005
268219399
268071425
268070969
268070532
268070227
268069885
268069584
268068891
268068544
268174930
268174550
268173980
268173385
268172664
268172308
268161810
268161390
268160688
268160277
268159164
268208608
268207721
268206438
268204248
268203065
268201802
268201243
268200339
268199069
268198193
268197616
268196328
268195802
268269541
268269356
268269228
268269150
268269110
268268931
268268911
268268780
268268674
268268646
268268511
268268489
268268463
268268459
268268224
268268217
268268213
268268046
268268039
268272102
268271648
268271263
268271239
268271087
268270928
268270757
268270579
268270471
268269980
268269751
268269723
268272703
268272692
268272884
268273103
268273004
268273302
268273415
268273548
268273950
268274335
268274959
268274782
268275008
268275923
268275851
268276063
268276002
268276250
268276787
268276886
268277396
268277369
268277358
268277621
268277570
268277536
268277773
268277742
268277883
268278090
268278078
268277995
268278418
268278510
268279232
268279215
268279419
268279934
268280372
268280433
268280430
268281299
268281638
268281578
268281550
268281895
268281836
268282102
268282068
268282235
268282190
268282535
268282496
268282682
268282842
268282817
268282756
268283159
268283097
268283372
268283371
268283505
268283616
268283536
268283951
268283900
268283898
268284041
268284024
268284230
268284393
268284383
268284609
268284596
268284591
268284539
268284758
268284728
268285035
268285318
268285760
268285998
268286205
268286136
268286653
268286923
268286841
268286978
268287144
268287505
268287487
268287668
268287750
268287744
268287960
268287958
268288130
268288088
268288036
268288020
268288002
268287994
268288251
268288157
268288345
268288512
268288506
268288637
268288801
268288870
268289126
268289058
268289269
268289149
268289305
268289567
268289440
268289669
268289819
268289734
268290440
268290772
268290737
268290985
268291206
268292495
268292435
268292828
268292916
268293429
268293998
268294177
268294677
268294569
268294807
268294716
268294940
268294987
268295200
268295340
268295521
268295516
268295569
268295718
268295955
268296051
268296211
268296323
268297036
268297241
268297231
268297220
268297150
268297121
268297276
268297244
268297458
268297423
268297543
268297723
268297858
268297837
268297785
268298001
268297973
268297938
268297928
268298072
268298241
268298135
268298309
268298274
268298532
268298496
268298473
268298636
268298811
268298789
268299019
268299556
268299553
268299644
268299610
268299587
268299809
268299723
268300068
268300213
268300310
268300268
268300434
268300610
268300584
268300532
268300716
268300660
268300859
268301094
268301072
268301914
268301866
268302318
268302670
268302744
268302822
268303384
268303630
268303822
268303924
268304590
268304520
268304493
268304480
268304656
268304594
268304846
268304803
268304954
268304949
268305097
268305046
268305219
268305375
268305569
268305700
268305676
268305614
268305604
268305819
268305993
268306028
268306270
268306459
268306444
268306431
268306413
268306402
268306575
268306685
268306669
268306758
268306987
268306928
268307113
268307450
268307580
268307543
268307638
268307865
268307775
268308057
268308205
268308167
268308154
268308303
268308619
268308751
268308690
268308881
268308853
268308823
268309066
268309002
268309283
268309423
268309618
268309589
268309907
268310169
268310083
268310071
268310314
268310229
268310330
268310585
268310490
268310713
268310831
268310822
268310795
268311044
268311039
268311025
268311014
268310998
268311180
268311171
268311130
268311442
268311434
268311692
268311723
268311966
268312201
268312176
268312051
268312260
268312376
268312652
268312620
268312604
268312854
268312832
268312814
268312801
268312952
268312944
268312919
268313128
268313087
268313035
268313223
268313196
268313417
268313666
268313649
268313594
268313828
268313766
268313706
268313699
268314210
268314119
268314116
268314366
268314284
268314257
268314576
268314545
268314513
268314484
268314758
268314624
268314877
268315094
268314977
268314964
268314955
268314937
268315241
268315141
268315454
268315567
268315515
268315757
268315750
268315877
268315826
268316075
268316061
268316046
268316296
268316275
268316252
268316116
268316563
268316767
268317109
268317330
268317288
268317450
268317736
268317730
268317661
268317652
268317831
268317828
268317807
268318245
268318214
268318160
268318129
268318367
268318312
268318502
268318788
268318724
268318698
268318943
268318873
268319154
268319042
268319309
268319254
268319222
268319187
268319168
268319490
268319417
268319642
268319522
268319501
268319748
268319677
268320152
268320102
268320093
268320080
268320078
268320351
268320348
268320343
268320182
268320476
268320458
268320667
268320649
268320569
268320505
268320809
268320777
268320745
268320986
268320943
268320940
268320874
268321063
268321020
268321523
268321457
268321438
268321651
268321572
268321543
268321824
268321700
268321943
268322115
268322053
268322354
268322346
268322272
268322553
268322539
268322526
268322472
268322456
268322421
268322404
268322696
268322680
268322880
268323091
268323244
268323172
268323423
268323401
268323391
268323614
268323514
268323474
268323753
268323952
268323937
268323894
268323857
268324065
268324332
268324273
268324248
268324175
268324377
268324371
268324815
268325023
268325000
268324978
268325124
268325106
268325250
268325227
268325532
268325476
268325446
268325442
268325653
268325605
268325567
268325854
268325797
268325746
268325961
268326232
268326215
268326193
268326158
268326149
268326147
268326347
268326267
268326580
268326738
268326727
268326917
268326902
268327082
268327036
268326984
268327294
268327261
268327244
268327226
268327157
268327152
268327586
268327517
268327507
268327962
268327935
268327908
268327894
268327829
268328125
268328080
268328073
268328219
268328205
268328493
268328676
268328605
268328575
268328868
268328839
268328814
268328782
268328756
268328754
268329051
268329025
268328950
268328897
268329260
268329239
268329231
268329211
268329176
268329122
268329396
268329311
268329633
268329562
268329507
268329780
268329770
268329762
268329702
268329941
268330185
268330064
268330044
268330245
268330201
268330533
268330436
268330406
268330646
268330578
268330891
268330886
268330876
268330767
268330740
268331011
268331005
268330991
268331222
268331213
268331132
268331093
268331339
268331324
268331298
268331271
268331587
268331530
268331492
268331418
268331735
268331693
268331682
268331662
268331925
268331910
268331817
268331814
268331807
268331805
268332073
268331977
268331954
268332247
268332223
268332409
268332392
268332383
268332351
268332311
268332304
268332575
268332553
268332478
268332468
268332758
268332713
268332657
268332827
268332823
268333082
268333068
268333067
268333020
268333009
268333269
268333261
268333408
268333392
268333634
268333629
268333582
268333468
268333759
268333681
268333640
268333909
268333884
268333854
268333833
268334034
268334015
268333959
268334217
268334175
268334157
268334462
268334414
268334371
268334315
268334616
268334574
268334781
268334742
268334741
268334662
268334633
268334954
268334949
268334880
268334865
268335068
268335006
268335309
268335304
268335278
268335270
268335259
268335452
268335420
268335370
268335353
268335564
268335810
268335803
268335770
268335739
268335725
268336020
268335969
268336153
268336060
268336049
268336028
268336343
268336335
268336281
268336213
268336469
268336579
268336901
268336832
268336814
268337000
268336970
268336961
268337257
268337397
268337376
268337532
268337804
268337979
268337933
268337851
268337832
268338344
268338321
268338286
268338241
268338549
268338483
268338882
268338791
268338905
268339170
268339133
268339519
268339437
268339634
268339614
268339610
268339934
268339843
268339832
268340100
268340096
268340043
268339956
268339944
268340272
268340271
268340172
268340431
268340367
268340355
268340344
268340302
268340705
268340687
268340810
268341003
268341223
268341197
268341485
268341484
268341467
268341371
268341563
268341502
268341751
268341737
268341732
268341702
268341903
268341876
268341767
268342016
268341940
268341930
268342178
268342093
268342314
268342300
268342293
268342292
268342287
268342394
268342580
268342692
268342685
268342860
268342849
268342828
268342819
268342782
268343019
268342932
268343128
268343117
268343108
268343312
268343254
268343434
268343399
268343385
268343558
268343513
268343512
268343862
268343857
268343833
268344006
268343926
268343907
268343879
268344123
268344049
268344029
268344275
268344222
268344204
268344434
268344408
268344400
268344392
268344513
268344662
268344594
268344571
268348752
268348739
268348689
268348066
268347772
268347762
268347667
268347651
268347564
268347443
268347162
268347077
268347066
268346762
268346715
268346688
268346641
268346487
268346424
268346365
268349068
268349019
268349195
268349133
268349087
268349357
268349341
268349266
268349407
268349401
268349398
268349654
268349613
268349581
268349806
268349748
268349721
268349698
268349938
268349839
268350124
268350090
268350042
268350250
268350202
268350188
268350345
268350595
268350592
268350555
268350554
268350495
268350461
268350712
268350694
268350691
268350628
268350842
268350811
268350790
268350780
268350752
268351051
268351197
268351123
268351108
268351372
268351359
268351426
268351393
268351614
268351581
268351576
268351561
268351842
268351806
268351802
268351716
268351952
268352130
268352088
268352083
268352057
268352048
268352012
268352288
268352153
268352411
268352353
268352310
268352602
268352564
268352561
268352557
268352521
268352498
268352654
268352639
268352850
268352831
268352998
268352995
268352984
268352936
268353137
268353370
268353313
268353216
268353499
268353473
268353443
268353441
268353436
268353405
268353653
268353640
268353809
268353791
268353783
268353708
268353693
268353903
268353881
268353852
268353848
268354039
268354183
268354172
268354168
268354145
268354137
268354407
268354508
268354422
268354419
268354854
268354786
268354773
268354757
268354983
268354952
268354946
268355136
268355059
268355041
268355454
268355451
268355372
268355561
268355798
268355766
268355659
268355644
268355922
268355800
268356008
268355970
268356181
268356156
268356330
268356317
268356312
268356532
268356500
268356484
268356669
268356648
268356619
268356876
268356770
268356760
268357012
268356914
268357029
268357175
268357422
268357392
268357347
268357558
268357506
268357479
268357712
268357690
268357856
268357850
268357776
268357760
268357747
268357991
268358094
268358066
268358246
268358197
268358193
268358392
268358573
268358465
268358656
268358630
268358618
268358852
268358839
268358749
268358742
268358992
268359096
268359262
268359223
268359202
268359199
268359193
268359408
268359389
268359364
268359343
268359297
268359467
268359594
268359568
268359719
268359941
268359912
268359913
268360121
268360048
268360018
268360232
268360215
268360399
268360351
268360542
268360503
268360467
268360650
268360619
268360720
268360691
268360681
268360954
268360915
268360854
268361239
268361228
268361115
268361305
268361436
268361416
268361599
268361587
268361523
268361770
268361766
268362044
268361984
268361942
268362132
268362313
268362309
268362308
268362252
268362228
268362212
268362426
268362408
268362385
268362871
268362809
268362808
268362797
268362796
268362778
268362923
268362900
268363236
268363228
268363201
268363191
268363189
268363151
268363110
268363094
268363369
268363423
268363614
268363612
268363543
268363532
268363479
268363675
268301055
268300023
268299193
268298984
268298660
268346537
268348781
268348045
268347127
268346036
268345612
268340951
268294830
268293130
268292591
268292056
268290625
268289695
268288276
268287688
268286591
268286245
268353217
268351131
268362864
268362386
268361973
268361540
268360931
268360319
268359086
268358773
268358453
268358177
268357906
268357622
268349969
268263022
268232317
268362705
268362193
268352099
268345787
268345305
268346077
268338757
268288433
268287434
268286490
268285708
268283876
268277320
268287235
268267184
268265899
268265360
268276625
268275826
268275385
268274880
268274095
268272077
268270624
268310510
268309463
268309282
268307239
268335544
268334833
268334229
268333443
268331049
268339309
268338186
268337604
268336684
268269384
268270775
268315135
268314516
268311571
268310738
268309842
268309515
268298199
268297618
268295517
268293513
268280254
268279832
268279129
268278486
268276344
268275622
268275057
268273686
268271270
268269660
268268140
268303242
268302497
268302148
268300457
268296843
268273144
268271913
268276793
268275113
268274689
268272908
268271881
268269958
268269162
268268141
268275704
268300146
268285364
268283453
268281470
268280732
268327689
268289584
268288730
268287484
268337194
268333301
268326436
268363860
268363808
268363787
268363955
268363930
268364157
268364071
268364189
268364187
268364474
268364417
268364358
268364346
268364548
268364503
268364753
268364730
268364725
268364638
268364626
268368217
268368174
268368134
268368055
268367929
268367848
268367846
268367654
268367605
268367601
268367451
268367163
268367083
268366965
268366955
268366941
268366911
268366857
268366810
268366783
268368893
268368804
268368767
268369197
268369120
268369106
268369482
268370272
268370315
268370850
268370959
268370938
268371240
268371838
268371741
268371893
268372225
268372491
268372483
268372479
268372587
268372526
268372778
268372756
268372731
268372723
268372824
268372812
268373036
268372979
268372971
268373128
268373127
268373046
268373254
268373248
268373233
268373219
268373187
268373377
268373337
268373543
268373678
268373621
268373937
268373871
268374050
268373996
268373992
268374224
268374145
268374343
268374882
268374948
268376062
268376047
268375975
268375939
268375843
268375838
268375721
268375584
268375340
268375279
268375241
268375210
268375018
268376437
268376870
268376754
268376957
268367499
268367080
268366540
268365946
268365504
268365031
268364633
268370403
268369930
268369442
268369009
268368584
268363692
268373057
268374602
268374440
268372138
268370654
268370039
268369644
268368717
268367387
268375337
268374563
268374300
268373886
268373676
268372544
268371722
268371421
268371018
268370646
268377097
268377317
268377302
268377280
268377219
268377458
268377419
268377631
268377618
268377522
268377505
268377477
268377780
268377753
268377746
268377698
268377892
268377866
268377816
268377961
268377928
268378165
268378299
268378278
268378263
268378535
268378492
268378461
268378447
268378407
268378642
268378636
268378580
268378567
268378780
268378727
268378948
268378928
268378907
268379167
268379028
268379303
268379280
268379227
268379447
268379441
268379406
268379331
268379514
268379495
268379683
268379646
268379622
268379869
268379830
268379783
268379988
268379977
268379923
268380347
268380251
268380468
268380441
268380438
268380419
268380381
268380377
268380613
268380565
268380499
268380492
268380701
268380677
268380953
268380931
268380860
268380818
268380806
268380800
268380798
268381079
268381006
268380983
268381207
268381378
268381372
268381367
268381286
268381499
268381480
268381478
268381451
268381431
268381409
268381390
268381674
268381655
268381838
268381788
268381722
268381967
268381959
268381950
268381918
268381884
268382172
268382035
268382029
268382028
268382008
268382221
268382196
268382495
268382451
268382410
268382390
268382361
268382514
268382507
268382783
268382764
268382846
268382815
268382968
268383270
268383241
268383185
268383124
268383338
268383491
268383457
268383725
268383699
268383657
268383811
268383798
268383785
268384050
268383971
268383921
268384145
268384135
268384108
268384060
268384296
268384290
268384473
268384454
268384402
268384797
268384751
268384963
268384919
268384889
268384864
268385031
268385028
268385223
268385382
268385351
268385342
268385499
268385476
268385752
268385719
268385713
268385671
268385921
268385890
268385807
268385798
268386057
268386046
268385995
268385970
268385937
268385936
268386309
268386279
268386262
268386513
268386395
268386585
268386574
268386563
268386757
268386977
268387459
268387452
268387384
268387357
268387615
268387577
268387528
268387699
268387679
268387631
268388042
268387974
268388084
268388348
268388284
268388252
268388512
268388690
268388668
268388655
268388606
268388701
268389009
268388954
268389181
268389146
268389270
268389261
268389492
268389413
268389604
268389512
268389733
268389720
268389712
268389910
268389852
268390113
268390077
268390064
268390021
268390217
268390327
268390479
268390432
268390420
268390625
268390611
268390796
268390756
268391177
268391105
268391207
268391705
268391921
268391849
268392032
268391955
268392543
268392646
268392794
268393017
268392939
268392932
268393217
268393121
268393088
268393080
268393327
268393313
268393681
268393565
268393564
268393765
268393715
268393692
268393999
268394193
268394189
268394092
268394093
268394058
268394044
268394355
268394277
268394258
268394457
268394453
268394411
268394407
268394357
268394519
268394722
268394716
268394677
268394983
268394833
268395250
268395243
268395161
268395409
268395375
268395568
268395540
268395525
268395505
268395783
268395715
268395681
268395677
268395667
268395925
268396081
268396077
268396076
268396073
268396509
268396507
268396461
268396642
268396782
268396968
268396938
268397129
268397119
268397082
268397059
268397027
268397011
268397245
268397433
268397355
268397346
268397300
268397591
268397722
268397682
268397648
268397622
268397929
268397903
268398125
268398097
268398088
268398077
268398059
268398241
268398156
268398540
268398539
268398532
268398491
268398482
268398481
268398437
268398689
268398605
268398602
268398762
268398739
268398966
268399103
268399009
268399196
268399159
268399364
268399357
268399531
268399471
268399669
268399774
268399769
268399750
268399748
268400243
268400166
268400406
268400385
268400312
268400526
268400480
268400799
268400757
268400739
268400719
268401138
268401054
268401199
268401443
268401424
268401325
268401571
268401545
268401483
268401691
268401611
268401877
268402049
268401920
268401919
268402273
268402358
268402599
268402561
268402747
268402715
268402697
268402951
268402921
268402793
268403543
268403482
268403478
268403477
268403454
268403448
268403716
268403665
268403657
268403876
268403837
268403824
268403821
268403772
268403994
268403985
268403901
268404162
268404323
268404309
268404298
268404225
268404463
268404460
268404438
268404424
268404533
268404515
268404738
268404655
268404910
268404816
268404798
268405033
268405022
268405007
268404998
268404996
268404970
268405214
268405169
268405530
268405491
268405487
268405763
268405821
268405820
268405797
268405769
268406044
268406230
268406227
268406202
268406129
268406126
268406081
268406388
268406308
268406284
268406553
268406460
268406648
268406827
268406771
268407078
268407055
268406912
268406899
268407189
268407370
268407328
268407266
268407243
268407533
268407487
268407483
268407667
268407639
268407602
268407572
268407886
268407823
268407958
268407951
268408191
268408183
268408102
268408285
268408263
268408406
268408402
268408641
268408601
268408817
268408779
268408762
268408747
268409051
268408923
268409165
268409162
268409362
268409359
268409328
268409310
268409513
268409499
268409475
268409459
268409420
268409653
268409874
268409855
268410049
268409994
268409981
268409917
268410183
268410152
268410359
268410546
268410521
268410706
268410691
268410860
268411030
268411006
268411181
268411175
268411159
268411157
268411123
268411111
268411379
268411364
268411264
268411703
268411697
268411690
268411607
268411854
268412049
268412019
268412222
268412220
268412157
268412441
268412382
268412339
268412633
268412485
268412766
268412761
268412704
268412671
268412911
268412880
268413112
268412974
268413272
268413265
268413263
268413245
268413212
268413200
268413490
268413438
268413658
268413598
268413586
268413504
268413788
268413779
268413688
268413990
268413961
268413942
268413877
268414097
268414095
268414090
268414269
268414259
268414235
268414426
268414396
268414688
268414645
268414854
268414805
268414769
268415065
268414987
268414965
268415247
268415164
268415146
268415341
268415333
268415296
268415278
268415583
268415572
268415476
268415733
268415984
268415970
268415942
268415898
268416080
268416315
268416308
268416275
268416261
268416254
268416243
268416199
268416621
268416910
268416905
268417084
268417017
268417004
268416974
268417262
268417199
268417455
268417427
268417349
268417334
268417617
268417613
268417599
268417916
268417908
268417812
268417802
268417754
268417729
268418104
268418098
268418179
268418155
268418145
268418418
268418393
268418720
268418676
268418918
268418864
268418995
268418986
268419333
268419331
268419330
268419317
268419254
268419203
268419541
268419475
268419578
268419568
268419934
268419916
268419909
268419833
268420099
268420029
268420025
268419976
268420279
268420184
268420479
268420473
268420403
268420377
268420376
268420746
268421465
268421358
268421351
268421690
268421597
268421521
268421514
268422017
268422197
268422128
268422122
268422333
268422696
268422913
268422842
268422794
268422793
268422989
268422958
268423271
268423230
268423146
268423522
268423518
268423503
268423620
268423868
268423759
268424075
268423945
268424271
268424503
268424751
268425315
268425264
268425694
268425609
268425789
268426020
268425903
268426118
268426457
268426377
268426327
268426662
268427349
268427330
268427284
268427621
268427605
268428352
268428389
268428612
268428944
268428770
268429131
268429398
268429244
268429545
268429541
268429421
268429400
268429774
268429766
268429698
268429649
268429966
268430401
268430352
268430589
268430573
268430555
268430489
268431055
268430902
268431126
268431097
268431498
268431882
268432080
268431910
268432468
268432675
268433032
268433354
268433220
268433564
268433507
268433763
268433678
268433935
268434120
268434064
268434261
268434587
268434574
268434423
268434750
268435171
268435170
268435092
268435546
268435457
268435797
268435716
268435629
268436084
268436196
268436449
268436432
268436615
268436581
268436883
268437018
268436937
268437268
268437156
268437461
268437437
268437392
268437342
268437752
268437728
268438046
268437919
268437902
268438124
268438552
268438542
268438501
268438483
268438416
268438682
268438599
268438934
268438780
268439135
268439309
268439241
268439209
268439187
268439186
268439495
268439493
268439461
268439425
268439657
268439610
268439561
268439541
268439920
268440247
268440101
268440343
268440335
268440313
268440299
268440288
268440642
268440616
268440767
268440734
268440683
268440883
268440861
268441153
268441050
268441028
268441215
268441202
268441566
268441562
268441523
268441521
268441654
268441636
268441611
268441580
268441899
268441892
268441841
268441801
268441772
268442093
268441957
268442230
268442203
268442161
268442514
268442479
268442379
268442368
268442575
268442564
268442908
268442875
268442761
268442732
268442965
268442954
268443281
268443271
268443252
268443217
268443176
268443151
268443124
268443481
268443423
268443339
268443328
268443603
268443599
268443567
268443510
268443724
268444061
268444139
268444104
268444383
268444373
268444339
268444310
268444611
268444498
268444743
268444649
268444952
268444931
268444919
268444863
268444858
268445196
268445118
268445065
268445395
268445391
268445365
268445300
268445577
268445530
268445455
268445446
268445768
268445603
268445599
268445845
268445813
268445981
268445979
268446299
268446272
268446228
268446161
268446159
268446425
268446389
268446641
268446628
268446569
268446864
268446855
268446813
268446814
268446788
268446678
268447055
268446982
268446893
268447351
268447271
268447587
268447452
268447444
268447748
268447726
268447652
268447924
268447883
268447831
268448154
268448269
268448210
268448528
268448481
268448454
268448409
268448757
268448719
268448611
268448584
268448911
268448882
268448846
268448791
268449173
268449081
268449026
268449010
268449375
268449292
268449278
268449218
268449594
268449586
268449546
268449541
268449537
268449495
268449420
268449797
268449762
268449705
268449670
268449621
268449959
268449919
268449900
268449896
268450242
268450236
268450122
268450092
268450432
268450413
268450412
268450377
268450336
268450309
268450505
268450481
268450866
268450793
268450751
268450700
268450698
268451044
268450971
268450930
268450893
268451194
268451189
268451149
268451475
268451308
268451656
268451648
268451608
268451572
268451551
268451539
268451524
268451880
268451858
268451841
268451836
268451732
268452094
268452066
268452056
268451976
268452283
268452201
268452592
268452591
268452582
268452543
268452510
268452485
268452410
268452368
268452992
268452974
268452948
268452900
268452820
268452805
268453250
268453248
268453173
268453425
268453310
268453590
268453571
268453875
268453855
268453802
268453788
268453765
268453740
268453730
268454106
268454089
268454065
268454007
268453944
268454267
268454231
268454578
268454577
268454574
268454548
268454517
268454502
268454406
268454382
268454364
268454349
268454621
268454587
268454963
268454960
268454885
268454845
268454783
268455148
268455383
268455318
268455234
268455647
268455626
268455577
268455560
268455547
268455546
268455533
268455507
268455471
268455467
268455439
268455878
268455822
268455978
268455950
268456284
268456204
268456160
268456132
268456125
268456401
268456329
268456687
268456571
268456541
268456925
268456924
268456922
268456862
268456789
268456774
268457144
268457107
268457099
268457086
268457068
268457020
268457358
268457315
268457314
268457278
268457527
268457493
268457482
268457799
268457704
268457688
268457947
268457896
268457888
268458119
268458102
268458076
268458041
268458477
268458399
268458391
268458366
268458336
268458277
268458605
268458894
268458889
268458818
268458771
268458724
268459148
268459101
268459019
268459541
268459512
268459508
268459802
268459758
268459746
268459688
268460102
268459934
268459899
268460178
268460540
268460529
268460454
268460804
268460757
268460657
268460618
268461070
268460877
268461283
268461255
268461149
268461139
268461546
268461520
268461379
268462031
268462000
268461890
268461888
268462224
268462197
268462193
268462186
268462182
268462144
268462383
268462813
268462781
268463081
268463076
268462923
268462914
268462911
268462848
268463234
268463219
268463108
268463555
268463459
268463398
268463386
268463806
268463748
268463679
268463657
268464330
268464296
268464255
268464232
268464120
268464643
268464612
268464592
268464563
268464490
268464468
268464823
268464780
268464737
268464683
268464985
268464954
268465443
268465435
268465659
268465617
268465518
268465946
268465911
268465822
268465785
268465755
268466152
268466554
268466536
268466451
268466450
268466380
268466330
268466701
268466699
268466679
268466956
268466923
268466880
268467279
268467188
268467646
268467594
268467592
268467566
268467469
268467431
268467412
268467900
268467831
268467771
268467732
268467689
268468104
268468077
268468015
268468335
268468313
268468308
268468726
268468681
268468658
268468610
268468524
268468844
268468774
268469320
268469295
268469186
268469466
268469400
268469350
268469824
268469729
268469725
268469685
268469658
268470085
268470446
268470397
268470379
268470324
268470294
268470274
268470660
268470579
268470505
268471008
268470949
268470912
268470807
268471231
268471595
268471465
268471844
268471680
268472101
268472094
268472007
268471907
268471888
268472362
268472164
268472660
268472595
268472470
268472967
268472858
268473196
268473173
268473167
268473134
268473123
268473084
268473034
268473421
268473321
268474111
268473981
268473872
268473823
268473720
268479243
268479207
268479059
268479053
268479012
268478752
268478626
268478518
268478377
268478317
268478208
268478111
268478072
268477931
268477717
268477686
268477531
268477455
268477448
268477432
268440916
268474368
268473802
268471044
268442576
268436135
268435334
268434947
268390760
268390206
268389126
268388240
268387238
268439435
268378177
268465143
268464534
268463615
268462694
268462076
268461233
268460474
268459374
268458823
268458227
268457261
268455007
268478163
268476531
268475688
268463089
268453547
268447877
268444625
268443888
268442197
268471015
268470081
268469486
268468864
268467235
268465868
268465317
268464669
268463620
268462889
268462108
268475017
268470122
268467618
268463326
268460248
268462192
268413748
268468840
268467982
268467083
268463937
268461453
268460500
268476974
268476581
268475845
268403223
268386470
268384880
268383623
268382559
268382162
268381529
268380817
268380283
268479204
268478010
268472297
268471172
268468496
268466879
268439056
268438581
268438095
268436955
268435713
268434724
268437899
268436970
268434657
268431975
268428427
268427434
268410690
268409873
268487249
268487101
268487027
268486875
268486846
268486844
268486823
268486477
268486427
268486329
268486175
268486005
268485942
268485928
268485854
268485388
268485372
268485155
268485080
268484820
268580974
268580964
268580951
268580838
268580837
268580831
268580827
268580635
268580592
268580479
268580368
268580363
268580344
268580296
268580281
268580212
268580211
268580184
268580104
268580081
268581309
268581227
268581177
268581455
268581396
268485924
268484904
268484420
268483488
268482471
268486976
268485877
268484509
268483154
268481723
268471324
268469684
268467409
268466239
268485869
268483063
268482346
268481096
268479498
268477330
268476365
268475408
268425274
268424916
268422656
268418791
268484366
268483283
268481821
268480752
268480084
268476499
268475942
268474828
268474210
268447737
268447024
268403206
268402451
268401411
268400561
268399956
268399459
268398474
268397847
268397273
268396751
268396369
268395764
268395093
268394305
268393085
268452737
268420360
268418533
268405803
268580698
268580241
268579233
268577455
268576635
268575891
268558205
268557369
268555595
268553144
268579119
268578623
268578305
268577956
268577655
268576922
268576426
268576054
268575360
268575001
268574619
268574404
268574068
268573670
268573432
268525368
268524986
268524433
268523872
268523425
268523103
268522507
268521900
268521114
268520823
268520463
268519769
268519158
268518440
268518188
268576869
268576307
268576073
268575639
268574512
268573490
268572961
268572428
268572047
268536323
268535917
268535563
268535122
268534723
268533930
268577570
268577019
268576339
268571380
268570561
268570067
268569574
268569009
268566628
268565894
268565338
268564645
268564009
268563166
268562476
268493054
268492207
268491428
268490841
268490348
268489807
268489031
268488005
268555394
268554977
268554465
268553888
268553276
268552871
268552593
268552327
268551610
268551110
268550378
268549684
268549305
268548826
268548462
268515576
268515143
268514813
268514249
268513771
268513306
268512207
268511908
268511446
268511143
268509959
268509551
268509192
268507783
268505831
268494764
268494243
268493596
268492551
268491783
268491155
268490855
268489937
268489323
268488320
268487606
268573221
268572967
268572663
268571915
268571255
268571039
268570540
268570062
268569640
268569067
268528661
268525843
268525477
268559928
268558850
268558534
268557992
268556881
268556440
268556090
268555564
268554828
268546053
268545117
268544495
268543927
268543280
268542790
268523980
268523182
268522854
268521747
268574102
268573593
268572388
268523185
268522220
268521714
268520787
268519955
268519315
268518854
268517974
268517074
268516588
268516172
268515336
268513814
268513158
268512253
268501940
268501372
268500913
268499925
268499138
268498539
268498113
268497789
268497233
268496409
268495786
268495160
268493547
268546897
268546382
268545792
268544815
268544016
268543500
268542895
268542384
268542032
268541741
268541503
268541168
268540616
268540238
268539776
268533137
268532828
268532575
268532359
268531857
268531538
268531340
268530782
268530425
268529122
268509824
268509417
268509069
268498119
268497786
268579878
268578899
268578225
268577846
268577402
268573823
268572061
268560024
268558973
268558097
268557155
268556589
268556200
268577442
268576392
268575952
268575741
268574938
268574534
268573007
268572088
268571297
268570226
268569775
268581624
268582078
268581925
268581923
268581833
268581814
268481968
268480992
268480320
268479433
268477005
268474841
268511286
268510427
268509575
268504747
268520682
268514072
268513590
268498831
268567026
268562732
268560627
268559516
268555440
268554820
268554103
268553548
268552870
268552364
268572259
268571484
268570946
268516768
268516304
268515810
268515434
268514716
268513559
268511607
268510439
268509282
268508581
268508070
268507097
268506463
268577571
268575839
268575351
268561410
268560461
268559752
268559148
268558263
268557774
268557153
268556737
268556061
268555567
268554797
268554068
268553424
268552972
268552666
268548934
268548396
268547937
268547491
268546711
268546032
268545240
268544779
268543903
268543045
268542535
268542157
268541649
268540480
268529277
268528993
268528387
268513245
268512627
268512086
268511193
268502447
268502150
268501630
268493102
268492636
268492245
268491739
268491235
268486893
268486131
268484650
268483644
268518959
268518650
268517833
268517488
268516886
268516206
268515605
268515130
268503764
268503511
268552570
268552038
268551567
268551151
268550538
268550070
268549657
268544152
268543768
268543416
268542803
268542324
268541803
268541267
268515339
268513640
268513033
268512571
268512089
268510997
268510074
268509429
268508719
268507979
268500440
268499705
268498647
268497635
268555062
268552852
268552097
268551126
268550430
268549947
268548894
