268797888
268797871
268797796
268797711
268797670
268797655
268797609
268797515
268797495
268797402
268797273
268797265
268797239
268797222
268796987
268796976
268796951
268796924
268796923
268796836
268798118
268798040
268798035
268798285
268798279
268798276
268798394
268798358
268798591
268798518
268798511
268798723
268798661
268798623
268798609
268798887
268798852
268798829
268798827
268798800
268798788
268798776
268798757
268798900
268799162
268799145
268799123
268799095
268799332
268799316
268799308
268799282
268799269
268799260
268799238
268799206
268799581
268799573
268799536
268799520
268799777
268799742
268799741
268799645
268799918
268800055
268800042
268799963
268799955
268799948
268800240
268800162
268800343
268800309
268800307
268800305
268800295
268800536
268800522
268800480
268800705
268800674
268800665
268800839
268800806
268800723
268800986
268800968
268800940
268800881
268801151
268801077
268801324
268801319
268801226
268801200
268801194
268801177
268801419
268801410
268801408
268801403
268801343
268801633
268801605
268801550
268801527
268801765
268801759
268801713
268801694
268801686
268801668
268801939
268801852
268802060
268802043
268802040
268802038
268802018
268802239
268802225
268802152
268802142
268802114
268802380
268802350
268802334
268802319
268802307
268802303
268802263
268802257
268802456
268802616
268802596
268802575
268802849
268802819
268802799
268802726
268802719
268802706
268802939
268802893
268802885
268802871
268803127
268803079
268803021
268803299
268803209
268803181
268803410
268803397
268803389
268803384
268803377
268803572
268803554
268803540
268803471
268803442
268803707
268803587
268803869
268803864
268803834
268803746
268803744
268803916
268804178
268804159
268804151
268804139
268804114
268804275
268804264
268804261
268804242
268804375
268804585
268804584
268804682
268804913
268804904
268804874
268804838
268804835
268805103
268805281
268805261
268805254
268805231
268805207
268805128
268805419
268805388
268805335
268805322
268805313
268805488
268805462
268805443
268805712
268805656
268805615
268806187
268806031
268806019
268805921
268805897
268805880
268805876
268805862
268805849
268805829
268805805
268805794
268805767
268805734
268806739
268806681
268806666
268806649
268806627
268806604
268806551
268806537
268806527
268806464
268806409
268806395
268806383
268806365
268806315
268806207
268807010
268806979
268807172
268807121
268807375
268807369
268807341
268807487
268807479
268807461
268807411
268807628
268807557
268807549
268807521
268807751
268807949
268807919
268807895
268807873
268808118
268808111
268808030
268808028
268807994
268808221
268808132
268808345
268808299
268808297
268808552
268808533
268808468
268808461
268808427
268808674
268808673
268808592
268808984
268808941
268808928
268809077
268809051
268809289
268809266
268809263
268809214
268809475
268809387
268809593
268809755
268809716
268809665
268809960
268809948
268809904
268809868
268809848
268810222
268810182
268810133
268810301
268810398
268810637
268810612
268810599
268810571
268810569
268810550
268810545
268810990
268810958
268810906
268810892
268811150
268811088
268811030
268811014
268811294
268811450
268811448
268811437
268811431
268811327
268811570
268811550
268811775
268811652
268811869
268811822
268812032
268811999
268812084
268812384
268812340
268812333
268812293
268812507
268812473
268812409
268812905
268812889
268813331
268813210
268813204
268813377
268813567
268813532
268813758
268813647
268813824
268813813
268814322
268814685
268814677
268814638
268814941
268814887
268815102
268815055
268815015
268814976
268815394
268815374
268815309
268815298
268815265
268815497
268815421
268815564
268815550
268815772
268815735
268815724
268815698
268815938
268815906
268815853
268816085
268816077
268816051
268816126
268816272
268816434
268816606
268816735
268816672
268816841
268816805
268816922
268816921
268816914
268816907
268817096
268817088
268817279
268817222
268817407
268817321
268817309
268817475
268817462
268817430
268817682
268817667
268817620
268817720
268817718
268817699
268817896
268817838
268818068
268818028
268817952
268818315
268818281
268818246
268818438
268818542
268818656
268819062
268819027
268819186
268819169
268819105
268819388
268819351
268819550
268819480
268819688
268819833
268819826
268819811
268819806
268819719
268820002
268820214
268820188
268820184
268820176
268820175
268820340
268820305
268820259
268820583
268820520
268820510
268820736
268820665
268820633
268821138
268821116
268821098
268821057
268821200
268821383
268821473
268821712
268821688
268821670
268821637
268821750
268821740
268821889
268821881
268822156
268822152
268822147
268822120
268822421
268822582
268822580
268822466
268822719
268822652
268822739
268823012
268822989
268822971
268823144
268823121
268823270
268823191
268823368
268823309
268823537
268823476
268823641
268823635
268823784
268823776
268823971
268823963
268823949
268823947
268824059
268824056
268824203
268824180
268824157
268824138
268824304
268824270
268824264
268824479
268824464
268824432
268824390
268824599
268824540
268824781
268824780
268824706
268824945
268824899
268824833
268825093
268825084
268825049
268825042
268825016
268825014
268825174
268825105
268825347
268825526
268825499
268825443
268825402
268825390
268825675
268825612
268825562
268825553
268825765
268825734
268825733
268825709
268825936
268825916
268825904
268825835
268825830
268825818
268826013
268825976
268826160
268826143
268826096
268826075
268826287
268826437
268826381
268826375
268826615
268826794
268826790
268826720
268826715
268826653
268826928
268826882
268827004
268826992
268827095
268827334
268827412
268827359
268827508
268827738
268827678
268827613
268827851
268827761
268827945
268827944
268827887
268828162
268828136
268828082
268828056
268828028
268828269
268828251
268828242
268828233
268828393
268828380
268828353
268828304
268828293
268828557
268828546
268828510
268828687
268828677
268828623
268828612
268828821
268828819
268828803
268828794
268828967
268828936
268828924
268828852
268829101
268829281
268829272
268829229
268829213
268829185
268829126
268829355
268829553
268829549
268829512
268829473
268829661
268829617
268829832
268829758
268829973
268829962
268830110
268830056
268830044
268830255
268830212
268830206
268830337
268830533
268830487
268830710
268830684
268830810
268830800
268831016
268830981
268830963
268830935
268830929
268831107
268831284
268831279
268831250
268831236
268831207
268831179
268831421
268831331
268831329
268831487
268831482
268831455
268831725
268831704
268831654
268831618
268831846
268831803
268831793
268831736
268832137
268832375
268832357
268832340
268832312
268832288
268832225
268832207
268832203
268832174
268832161
268832160
268832393
268832386
268832438
268832567
268832564
268832478
268832731
268832878
268832806
268832789
268832758
268833037
268833019
268833005
268832978
268832943
268832928
268833104
268833084
268833050
268833292
268833266
268833254
268833473
268833376
268833362
268833634
268833630
268833620
268833611
268833599
268833584
268833497
268833756
268833909
268833902
268833851
268833847
268833845
268833826
268834051
268834050
268834039
268834249
268834207
268834201
268834188
268834161
268834404
268834372
268834300
268834529
268834475
268834439
268834422
268834704
268834659
268834759
268834741
268834730
268835000
268834978
268834967
268834951
268834937
268834916
268834912
268834876
268835110
268835103
268835082
268835338
268835330
268835299
268835277
268835230
268835482
268835467
268835444
268835421
268835415
268835410
268835404
268835383
268835543
268835536
268835947
268835922
268835852
268835841
268835830
268836053
268836031
268836018
268836008
268836189
268836184
268836166
268836304
268836478
268836434
268836432
268836393
268836600
268836595
268836593
268836535
268836828
268836775
268836764
268836732
268836729
268836893
268836889
268837088
268837036
268837023
268836999
268837265
268837250
268837374
268837373
268837348
268837305
268837282
268837554
268837536
268837517
268837492
268837435
268837657
268837891
268837998
268837956
268837950
268838211
268838191
268838137
268838362
268838297
268838240
268838233
268838497
268838462
268838409
268838375
268838614
268838754
268838735
268838708
268838877
268839083
268839036
268839001
268839275
268839258
268839239
268839218
268839144
268839396
268839533
268839490
268839448
268839444
268839675
268839659
268839653
268839638
268839630
268839603
268840006
268839993
268839952
268839907
268840074
268840067
268840273
268840242
268840454
268840437
268840397
268840331
268840529
268840524
268840734
268840722
268840672
268840910
268840902
268840809
268841178
268841101
268841259
268841670
268841656
268841649
268841624
268841586
268841773
268841759
268841726
268841943
268841916
268842053
268842244
268842235
268842348
268842525
268842515
268842505
268842638
268842604
268842565
268842836
268842810
268842784
268842870
268843497
268843393
268843893
268843824
268843993
268844200
268844297
268844528
268844708
268844597
268844738
268845154
268845054
268845383
268845641
268845623
268845620
268845619
268845503
268845788
268845769
268845747
268845721
268845703
268845916
268845882
268845862
268845981
268846277
268846203
268846152
268846149
268846361
268846353
268846331
268846308
268846524
268846768
268846761
268846718
268846855
268846835
268846833
268846961
268846958
268846952
268846951
268847242
268847231
268847134
268847327
268847309
268847264
268847554
268847542
268847515
268847489
268847423
268847398
268847698
268847647
268848033
268848003
268847993
268847978
268847935
268848208
268848181
268848162
268848157
268848077
268848340
268848321
268848318
268848304
268848287
268848465
268848427
268848669
268848566
268848874
268848835
268848793
268848738
268848722
268849038
268848983
268848970
268848948
268849166
268849144
268849090
268849374
268849302
268849537
268849447
268849702
268849685
268849684
268849636
268849558
268849771
268849730
268849727
268849959
268849891
268849889
268850158
268850134
268850124
268850064
268850037
268850200
268850492
268850433
268850422
268850417
268850379
268850621
268850551
268850509
268850789
268850732
268850706
268850686
268850684
268851091
268851015
268851308
268851307
268851445
268851440
268851431
268851629
268851589
268851584
268851559
268851520
268851759
268851686
268851963
268851957
268851872
268852076
268852066
268852010
268852144
268852434
268852512
268852747
268852702
268852925
268852835
268853004
268853003
268853000
268853261
268853248
268853549
268853547
268853540
268853482
268853667
268853852
268853836
268853964
268853929
268854131
268854092
268854082
268854359
268854265
268854477
268854405
268854389
268854363
268854659
268854832
268854777
268855432
268855525
268855492
268856012
268856190
268856158
268856238
268856655
268856559
268856538
268856714
268856890
268856872
268857023
268857474
268857467
268857736
268857845
268857836
268858086
268858218
268858416
268858980
268858961
268858957
268859158
268859151
268859359
268859318
268859508
268859661
268859980
268859913
268860159
268860277
268860443
268860663
268861051
268861012
268861210
268861279
268861260
268861258
268861548
268861511
268861507
268861403
268861700
268861689
268861881
268861800
268861994
268862590
268862679
268862817
268863122
268863085
268862984
268863235
268863224
268863479
268863462
268863520
268863775
268863765
268863701
268864020
268863966
268863873
268863861
268864204
268864091
268864338
268864282
268864251
268864469
268864386
268864592
268864582
268864821
268864799
268864991
268864934
268865243
268865198
268865103
268865379
268865456
268865757
268865739
268865644
268865874
268866121
268866109
268866071
268865983
268866196
268866444
268866827
268866948
268866930
268867064
268867055
268867342
268867331
268867241
268867528
268867492
268867461
268867694
268867818
268867812
268867809
268867791
268867751
268868202
268868330
268868328
268868552
268868520
268868748
268868920
268868823
268868789
268869062
268869016
268869477
268869375
268869346
268869588
268869849
268869708
268869925
268869898
268869893
268869878
268870223
268870124
268870103
268870576
268870523
268870514
268870471
268870736
268870722
268870637
268870958
268870887
268870866
268871118
268871291
268871178
268871170
268871159
268871501
268871495
268871456
268871330
268871663
268871636
268871634
268871573
268871844
268871760
268872047
268871957
268871910
268871904
268872220
268872311
268872553
268872529
268872512
268872473
268872667
268872646
268872948
268873092
268873051
268873252
268873177
268873495
268873462
268873438
268873306
268873651
268873757
268874029
268873939
268874558
268874925
268875179
268875083
268875043
268875022
268875020
268875353
268875266
268875214
268875522
268875424
268875394
268875715
268875702
268875609
268875943
268875832
268875818
268875810
268876048
268876288
268876271
268876187
268876145
268876139
268876517
268876433
268876383
268876355
268876670
268876669
268876545
268876871
268876835
268876811
268876794
268877069
268876947
268877278
268877161
268877436
268877600
268877592
268877568
268877500
268877822
268877713
268878141
268878079
268878299
268878825
268878813
268878878
268879087
268879082
268879380
268879327
268879287
268879276
268879573
268879568
268879430
268879778
268879764
268880105
268880362
268880338
268880327
268880228
268880467
268880702
268880597
268880862
268881004
268881350
268881220
268881182
268881180
268881168
268881439
268881417
268881690
268881589
268881812
268882106
268882035
268881957
268882286
268882192
268882493
268882478
268882458
268882709
268882703
268882583
268882853
268882820
268883232
268883193
268883124
268883105
268883496
268883492
268883434
268883305
268883693
268883852
268884051
268884028
268884007
268883918
268883910
268884254
268884403
268884389
268884630
268884590
268884520
268884832
268884815
268885043
268885413
268885401
268885343
268885693
268885557
268885550
268885832
268885710
268886060
268885959
268886279
268886269
268886266
268886185
268886451
268886383
268886613
268886920
268886840
268886796
268886792
268887093
268886946
268887309
268887398
268887345
268887678
268887673
268887799
268887756
268888131
268888073
268888339
268888319
268888195
268888192
268888181
268888489
268888416
268888577
268888930
268889101
268888986
268888985
268889259
268889226
268889219
268889738
268889583
268889565
268889548
268889882
268889753
268889959
268890345
268890305
268890240
268890529
268890497
268890455
268890631
268890820
268890814
268891161
268891108
268891104
268891489
268891423
268891645
268891954
268891820
268892111
268892032
268892013
268892296
268892265
268892505
268892437
268893072
268893060
268893032
268893014
268893002
268892964
268893481
268893458
268893363
268893693
268893680
268893595
268893888
268893870
268893859
268893856
268893752
268893747
268893711
268893981
268893953
268894234
268894193
268894429
268894411
268894282
268894261
268894580
268894508
268894496
268894488
268894700
268894974
268894925
268894926
268894872
268894868
268895092
268895084
268895026
268895015
268894996
268894985
268895323
268895258
268895254
268895203
268895202
268895464
268895439
268895433
268895630
268895603
268895819
268895802
268896043
268896024
268895944
268895915
268895906
268895902
268896154
268896079
268896073
268896056
268896363
268896358
268896302
268896274
268896248
268896578
268896495
268896482
268896479
268896448
268896401
268896654
268896607
268896595
268896903
268897098
268897070
268896991
268897146
268897378
268897322
268897724
268897985
268897921
268897888
268898159
268898139
268898105
268898086
268898267
268898208
268898204
268898186
268898180
268898484
268898435
268898379
268898377
268898669
268898738
268898976
268898903
268898881
268898875
268899315
268899568
268899523
268899519
268899514
268899430
268899427
268899659
268899634
268899920
268899890
268899880
268900096
268900047
268900000
268899946
268900279
268900228
268900189
268900165
268900398
268900339
268900289
268900563
268900475
268900805
268900802
268900719
268900701
268900636
268900977
268900967
268900932
268900900
268900899
268900862
268901138
268901088
268901043
268901316
268901279
268901265
268901245
268901483
268901357
268901683
268901650
268901582
268901572
268901553
268901883
268901804
268901799
268901747
268901984
268901963
268901909
268902198
268902161
268902103
268902101
268902086
268902394
268902311
268902279
268902276
268902572
268902525
268902473
268902777
268902742
268902730
268902696
268902668
268902649
268902637
268902628
268902912
268902902
268902794
268903028
268903004
268902999
268903256
268903253
268903230
268903205
268903465
268903382
268903379
268903335
268903617
268903512
268903507
268903500
268903649
268903960
268903944
268903937
268903873
268903833
268903832
268903822
268904179
268904094
268904066
268904049
268904045
268904041
268904017
268904335
268904319
268904264
268904263
268904506
268904489
268904417
268904664
268904608
268904925
268904832
268904826
268904818
268905071
268904998
268904986
268904952
268905265
268905221
268905191
268905186
268905157
268905563
268905369
268905318
268905298
268905894
268905806
268906123
268906099
268905971
268905927
268905920
268906246
268906231
268906161
268906537
268906502
268906461
268906382
268906371
268906630
268906582
268906755
268907094
268907087
268907084
268907020
268907334
268907320
268907264
268907249
268907523
268907506
268907384
268907381
268907685
268907638
268907599
268907967
268907946
268907937
268907824
268907818
268908025
268908434
268908359
268908355
268908270
268908247
268908645
268908602
268908555
268908482
268908832
268908770
268909081
268909002
268908950
268909215
268909163
268909434
268909393
268909347
268909781
268909737
268909631
268909623
268909592
268909577
268909995
268909959
268909889
268910205
268910134
268910103
268910058
268910491
268910459
268910428
268910413
268910373
268910312
268910285
268910280
268910675
268910616
268910920
268910918
268910916
268910890
268910731
268911099
268910989
268910977
268911414
268911411
268911365
268911292
268911232
268911215
268911202
268911653
268911483
268911458
268911850
268911784
268911702
268912124
268912104
268912101
268911943
268911937
268911928
268912348
268912300
268912582
268912557
268912506
268912488
268912476
268912386
268912780
268912777
268912708
268913025
268912985
268912948
268913232
268913194
268913149
268913398
268913746
268913689
268913654
268913649
268913945
268913942
268913920
268913900
268913861
268914091
268914062
268914481
268914377
268914326
268914791
268914722
268914703
268914646
268914595
268914571
268914967
268914952
268914927
268914905
268915237
268915211
268915482
268915993
268915987
268915819
268916304
268916214
268916156
268916118
268916064
268916525
268916467
268916737
268916638
268916981
268916919
268916918
268917237
268917199
268917196
268917133
268917576
268917377
268917816
268917770
268917755
268917660
268917626
268918073
268917905
268917862
268918225
268918166
268918569
268918557
268918526
268918489
268918449
268918420
268918846
268918806
268918773
268918684
268918652
268919151
268919116
268919066
268919312
268919291
268919286
268919226
268919602
268919582
268919503
268919477
268920010
268919830
268919786
268920277
268920199
268920103
268920075
268920538
268920474
268920473
268920391
268920665
268920614
268920611
268921140
268921102
268921068
268921021
268920960
268921365
268921342
268921317
268921179
268921713
268921704
268921667
268921553
268921480
268921459
268921806
268922147
268922122
268922570
268922426
268922699
268923084
268923020
268923428
268923343
268923322
268923308
268923725
268923693
268923623
268923577
268924077
268924075
268924017
268923912
268924409
268924332
268924674
268924624
268924622
268924904
268924896
268925307
268925224
268925123
268925119
268925693
268925662
268925467
268925447
268925970
268925798
268925780
268925763
268925745
268925738
268926253
268926583
268926406
268926734
268927156
268927143
268926985
268927756
268927606
268927593
268928281
268928244
268928733
268928658
268929028
268928898
268928821
268929457
268929443
268929386
268929312
268929689
268929879
268929868
268929840
268930182
268930179
268930450
268930914
268930877
268930871
268931249
268931322
268958991
268958986
268958964
268958943
268958885
268958878
268958822
268958433
268958308
268958246
268958180
268958167
268958128
268958033
268958016
268957908
268957849
268957644
268957641
268957375
268959237
268959662
268959542
268959898
268959824
268960075
268960068
268960052
268959965
268960330
268960303
268960455
268960412
268960397
268960354
268960747
268960744
268960696
268960691
268960666
268960624
268960933
268960855
268960756
268961079
268961062
268961386
268961286
268961239
268961465
268961645
268961640
268961622
268961877
268961861
268962079
268962365
268962262
268962483
268962652
268962646
268962581
268962924
268962913
268962859
268962817
268963029
268963254
268963613
268963761
268963978
268964197
268964167
268964405
268964382
268964620
268964776
268964769
268964740
268964735
268964663
268964924
268965314
268965562
268965813
268966061
268966060
268966050
268965983
268966207
268966402
268966342
268966649
268966636
268966536
268966518
268966516
268966815
268966966
268967061
268967328
268967317
268967302
268967228
268967444
268967588
268968066
268968253
268968329
268968814
268969464
268969403
268969618
268969673
268969660
268969963
268970004
268970000
268971756
268971895
268972102
268972060
268972010
268972555
268973007
268972871
268973283
268973868
268973792
268973955
268974202
268974440
268974449
268974813
268975045
268975169
268975764
268975689
268976111
268976297
268976283
268976589
268976962
268977407
268977370
268977275
268977528
268977790
268977735
268977652
268977862
268978005
268978288
268978410
268978335
268978691
268979183
268979036
268979559
268979751
268979994
268980169
268980281
268980513
268981114
268981085
268981187
268981173
268981348
268981833
268982392
268982429
268982763
268982931
268982860
268982810
268983066
268982951
268983625
268983892
268983875
268983864
268984127
268984285
268984270
268984544
268984910
268984854
268985320
268985280
268985377
268985578
268985526
268985843
268986138
268986488
268986689
268986794
268986979
268987079
268987300
268987210
268987418
268987411
268987366
268987329
268987671
268987595
268987803
268987915
268988078
268988420
268988722
268988626
268988623
268988810
268989114
268989045
268989043
268989007
268989150
268989141
268989520
268989507
268989798
268989880
268989861
268989830
268990147
268990243
268990480
268990590
268990583
268990654
268990649
268990921
268990918
268991115
268991055
268991299
268991209
268991555
268991719
268991696
268991680
268991677
268991675
268991660
268991746
268991941
268992145
268992037
268992258
268992421
268992404
268992402
268992293
268992527
268992427
268992829
268992811
268992761
268992752
268992852
268993138
268993285
268993216
268993429
268993377
268993290
268993553
268993732
268993710
268993940
268994035
268994391
268994347
268994338
268994327
268994573
268994442
268994669
268994640
268994582
268994773
268994967
268994958
268995135
268995121
268995427
268995411
268995474
268995718
268995970
268995963
268996188
268996330
268996471
268997299
268997285
268997282
268997263
268997157
268997306
268997561
268997536
268997525
268997882
268997877
268997851
268997967
268998325
268998261
268998510
268998486
268998479
268998612
268998554
268998537
268998520
268998744
268998947
268998922
268998839
268999102
268999061
268999272
268999255
268999170
268999334
268999499
268999454
268999597
268999555
268999835
268999734
268999728
268999913
268999907
268999849
269000078
269000302
269000282
269000168
269000349
269000338
269000505
269000482
269000714
269000628
269000803
269000759
269000753
269000923
269001173
269001157
269001052
269001322
269001299
269001375
269001664
269001640
269001594
269001589
269001538
269001536
269001779
269001714
269001679
269001974
269001965
269001903
269001872
269001869
269002206
269002154
269002136
269002318
269002516
269002446
269002718
269002714
269002655
269002585
269002867
269002862
269002771
269002746
269003016
269002988
269002958
269002942
269002902
269002883
269003092
269003058
269003324
269003272
269003221
269003423
269003385
269003370
269003347
269003581
269003554
269003517
269003489
269003773
269003722
269003913
269003863
269004068
269004056
269004046
269004045
269004039
269004030
269003962
269004244
269004525
269004512
269004502
269004425
269004621
269004803
269004787
269004774
269005140
269005279
269005270
269005245
269005421
269005370
269005698
269005687
269005914
269005871
269005834
269006090
269006109
269006325
269006310
269006537
269006433
269006841
269006823
269006774
269006980
269006958
269006954
269007072
269007015
269006996
269007190
269007330
269007548
269007655
269007869
269008183
269008541
269008462
269008675
269008651
269008617
269008605
269008846
269008812
269008772
269008958
269009177
269009146
269009133
269009082
269009306
269009298
269009293
269009465
269009454
269009574
269009523
269009513
269009803
269009781
269009759
269009980
269009961
269009923
269009885
269009880
269010031
269010303
269010262
269010402
269010339
269010320
269010606
269010594
269010556
269010521
269010518
269010507
269010766
269010736
269010864
269010843
269010826
269011098
269011060
269010978
269010973
269010964
269011262
269011226
269011399
269011355
269011330
269011455
269011431
269011596
269011871
269011833
269011803
269011708
269012027
269011988
269011956
269012184
269012179
269012081
269012307
269012275
269012539
269012485
269012453
269012444
269012682
269012660
269012820
269012774
269012895
269013188
269013179
269013151
269013107
269013075
269013070
269013267
269013212
269013467
269013397
269013696
269013655
269013594
269013561
269013852
269013777
269014002
269013956
269014149
269014140
269014119
269014223
269014508
269014578
269014561
269014549
269014546
269014524
269014809
269014761
269014745
269014732
269014889
269015144
269015138
269015123
269015091
269015067
269015049
269015349
269015245
269015192
269015506
269015433
269015381
269015669
269015656
269015650
269015595
269015570
269015523
269015765
269015976
269015906
269015888
269015879
269016183
269016152
269016141
269016312
269016309
269016211
269016507
269016498
269016497
269016691
269016682
269016565
269016817
269016784
269016736
269016705
269016927
269017205
269017186
269017087
269017322
269017259
269017234
269017538
269017533
269017460
269017434
269017419
269017403
269017400
269017392
269017616
269017601
269017600
269017555
269017851
269017838
269017823
269017754
269018018
269017957
269017952
269017942
269017934
269017932
269018220
269018085
269018067
269018342
269018300
269018296
269018255
269018242
269018576
269018462
269018459
269018664
269018604
269018909
269018906
269018880
269018853
269018798
269018771
269018766
269019009
269018965
269018962
269019255
269019242
269019462
269019427
269019402
269019372
269019335
269019319
269019499
269019490
269019478
269019785
269019772
269019983
269019979
269019964
269019913
269019863
269019830
269020143
269020081
269020041
269019992
269020329
269020322
269020309
269020300
269020287
269020180
269020170
269020434
269020355
269020664
269020640
269020588
269020855
269020830
269020752
269020721
269020979
269020943
269021146
269021129
269021058
269021042
269021365
269021354
269021289
269021257
269021502
269021489
269021422
269021391
269021390
269021585
269021557
269021815
269022001
269021877
269022061
269022401
269022382
269022276
269022099
269023701
269023662
269023456
269023427
269023274
269022976
269022953
269022868
269022802
269022779
269022733
269022714
269022700
269023872
269024232
269024599
269024523
269024482
269024477
269024476
269024726
269024912
269025006
269025310
269025213
269025455
269025626
269025870
269025823
269025809
269025755
269026060
269026043
269026029
269025938
269026228
269026081
269026372
269026370
269026349
269026465
269026458
269026657
269026625
269026601
269026875
269026853
269026829
269027057
269027037
269027279
269027213
269027194
269027426
269027581
269027560
269027821
269027820
269027806
269027780
269027766
269027678
269027661
269027653
269027859
269027842
269028028
269028364
269028459
269028671
269028619
269028562
269028811
269028799
269028740
269029064
269029033
269028967
269028951
269028919
269029091
269029072
269029293
269029551
269029541
269029509
269029412
269029735
269029686
269029913
269029810
269029797
269029765
269030095
269030080
269030019
269030132
269030114
269030280
269030271
269030270
269030505
269030479
269030706
269030861
269030812
269030759
269031029
269030958
269030947
269030917
269031172
269031147
269031130
269031083
269031349
269031247
269031438
269031393
269031626
269031590
269031850
269031848
269031820
269031768
269031745
269031725
269031698
269031951
269031898
269031864
269032100
269032060
269032043
269032252
269032138
269032427
269032364
269032326
269032318
269032608
269032578
269032576
269032483
269032447
269032721
269032642
269032880
269032871
269032829
269033057
269033013
269033185
269033172
269033089
269033341
269033320
269033250
269033518
269033455
269033412
269033634
269033826
269034140
269034080
269034330
269034318
269034558
269034538
269034505
269034467
269034465
269034461
269034761
269034906
269034842
269034777
269035009
269034985
269035284
269035282
269035244
269035691
269035638
269035616
269035584
269035957
269035936
269035841
269036116
269036085
269036241
269036216
269036399
269036357
269036315
269036542
269036510
269036761
269036722
269036670
269036885
269036829
269036812
269036784
269036763
269037038
269037200
269037181
269037152
269037136
269037111
269037326
269037299
269037458
269037417
269037679
269037636
269037610
269037771
269038001
269037981
269037939
269037882
269037871
269038427
269038385
269038378
269038328
269038527
269038441
269038605
269038970
269039172
269039129
269039095
269039250
269039422
269039555
269039545
269039532
269039749
269039703
269039659
269039912
269039872
269039845
269040507
269040408
269040405
269040584
269040697
269040897
269041108
269041062
269040989
269041180
269041124
269041123
269041411
269041347
269041336
269041561
269041819
269041769
269041991
269041978
269041955
269043135
269042983
269042977
269042933
269042841
269042797
269042784
269042767
269042690
269042641
269042589
269042467
269042341
269042289
269042234
269042210
269042158
269043830
269043581
269043473
269043469
269043397
269043325
269043240
269043187
269043887
269044181
269044115
269044321
269044298
269044481
269044439
269044640
269044505
269044760
269044758
269044705
269044944
269044882
269044859
269045089
269045028
269045310
269045211
269045466
269045432
269045628
269045542
269045818
269045740
269045858
269046085
269046029
269046024
269046220
269046143
269046376
269046360
269046310
269046555
269046513
269046482
269046755
269046714
269046686
269046665
269046663
269046657
269046623
269046862
269047018
269046947
269047095
269047088
269047086
269047391
269047332
269047274
269047270
269047484
269047605
269047567
269047824
269048002
269047978
269047945
269047902
269048116
269048035
269048031
269048316
269048294
269048288
269048545
269048542
269048770
269048750
269048673
269048905
269049061
269048994
269049401
269049403
269049402
269049385
269049350
269049321
269049292
269049546
269049532
269049440
269049725
269049699
269049871
269049867
269049759
269049998
269049976
269049935
269049887
269050097
269050297
269050291
269050267
269050248
269050241
269050432
269050405
269050598
269050537
269050684
269050960
269051120
269051097
269051091
269051086
269051077
269051042
269051007
269050980
269051274
269051226
269051180
269051453
269051415
269051547
269051540
269051527
269051520
269051498
269051494
269051638
269052059
269052051
269051913
269052204
269052172
269052162
269052294
269052239
269052392
269052388
269052612
269052607
269052580
269052563
269052557
269052530
269052490
269052714
269052679
269052659
269052651
269052868
269053044
269052965
269052950
269053215
269053164
269053121
269053118
269053112
269053363
269053288
269053533
269053653
269053650
269053623
269053951
269054151
269054218
269054207
269054378
269054369
269054525
269054483
269054653
269054839
269054906
269055158
269055155
269055143
269055134
269055064
269055207
269055416
269055342
269055615
269055520
269055871
269055959
269056239
269056158
269056123
269056323
269056307
269056456
269056679
269056677
269056867
269056834
269056790
269057153
269057046
269057292
269057358
269057525
269057638
269057881
269057775
269057767
269058024
269058062
269058342
269058265
269058439
269058419
269210891
269210729
269210530
269209699
269209632
269209485
269209168
269209113
269207679
269207545
269207531
269207320
269207090
269206933
269206828
269206822
269206816
269206763
269206620
269206357
269220276
269220147
269220035
269220013
269219582
269219530
269219486
269219346
269219300
269219026
269218907
269218847
269218761
269217826
269217771
269217617
269217608
269217171
269216856
269216807
269221179
269221245
269221415
269221587
269221574
269222609
269222735
269223102
269223044
268786236
268785519
268785015
268784084
268783482
268782992
268782195
268781496
268780785
268780287
268779461
268778992
268778576
268778186
268777706
268679242
268676555
268675840
268674984
268674270
268673863
268673202
268672170
268671589
268670876
268670196
268669162
268797652
268797153
268796512
268796020
268795523
268794818
268794501
268794205
268793685
268793012
268791932
268791279
268790440
268790106
268716434
268715928
268714978
268713987
268712871
268712048
268710596
268709524
268707339
268665193
268664604
268664174
268663529
268663051
268662583
268796165
268795560
268794444
268793271
268792562
268792162
268784699
268783745
268782901
268782256
268781709
268580698
268580241
268579233
268577455
268729720
268729272
268728776
268728279
268727382
268726890
268579119
268578623
268578305
268577956
268577655
268576922
268576426
268576054
268575360
268754276
268753905
268753332
268752690
268751991
268751451
268750696
268749800
268749269
268748937
268748410
268747390
268746744
268746310
268745676
268799909
268797753
268576869
268576307
268576073
268575639
268783360
268782884
268782300
268782020
268772023
268771493
268771072
268770639
268763431
268762910
268753761
268753383
268752938
268752505
268752252
268717158
268712270
268710401
268709409
268708490
268707414
268706131
268705038
268703985
268703011
268701516
268700927
268699821
268698604
268697725
268555394
268554977
268554465
268553888
268553276
268552871
268552593
268552327
268551610
268551110
268550378
268549684
268549305
268548826
268548462
268751351
268750899
268750470
268750024
268749126
268748705
268748265
268747716
268747361
268747028
268639688
268638904
268638052
268636136
268635331
268721270
268720621
268719719
268719148
268718182
268716883
268715279
268714424
268713736
268713006
268712322
268710869
268687185
268685922
268766863
268766430
268766228
268765932
268765488
268764770
268763983
268763653
268763264
268762982
268762732
268762269
268761328
268679074
268672007
268688830
268687418
268686643
268686199
268685774
268684444
268683870
268682886
268682292
268681775
268681453
268680652
268680107
268679729
268679146
268689949
268687437
268685883
268684232
268683013
268642075
268641182
268640297
268639651
268638347
268637636
268636948
268636210
268634135
268633072
268668337
268667924
268667364
268666944
268666410
268665871
268665231
268664578
268663917
268663129
268645418
268644488
268643156
268641823
268659257
268658615
268657732
268656643
268656194
268655658
268654832
268654067
268653265
268652624
268652166
268651834
268650757
268649765
268648891
268669433
268650733
268523185
268522220
268521714
268520787
268519955
268519315
268518854
268517974
268517074
268516588
268516172
268515336
268513814
268730876
268729963
268729028
268728105
268726908
268726206
268725421
268724547
268723538
268720898
268719289
268717184
268716403
268715415
268713762
268713478
268712421
268711363
268710732
268709957
268708967
268707722
268706972
268706112
268705608
268704963
268704295
268701972
268701117
268700366
268804101
268803335
268795729
268784708
268784205
268783458
268783072
268782357
268781801
268770661
268770210
268668500
268668121
268667780
268667419
268667094
268666193
268665478
268661846
268661191
268533137
268532828
268532575
268532359
268586812
268586364
268585865
268585541
268585113
268584865
268584295
268583274
268582908
268582313
268581925
268581309
268580479
268579878
268578899
268805226
268773487
268772706
268771813
268768648
268577846
268577442
268576392
268575952
268575741
268815137
268814599
268814010
268809073
268792141
268791450
268790991
268790482
268718931
268718023
268717001
268716327
268715325
268714648
268713601
268712812
268712169
268711535
268710322
268691977
268690641
268689772
268689027
268687815
268686984
268686584
268685685
268684433
268681782
268681214
268680097
268678875
268678356
268677608
268726202
268725435
268722447
268721329
268720563
268520682
268514072
268513590
268498831
268450751
268437268
268436135
268801689
268800254
268799538
268798953
268462193
268461546
268460102
268459101
267903848
267894792
267894175
267890306
267724174
267719483
267715166
267713871
267712996
267712177
267711596
268712574
268711349
268710665
268709890
268709150
268707910
268707114
268706085
268704520
268703223
268701605
268699480
268698597
268698091
268696769
267615417
267614959
267614446
267613824
267613345
267612769
267607225
267606083
267605521
267407926
267364606
267363742
267363057
267362760
267361931
268795519
268790681
268789079
268670249
268669372
268664375
268662691
268660749
268659134
268658258
268650752
268649627
268644609
268830168
268829800
268798026
268796522
267523120
267522329
268740178
268739576
268739118
268738488
268737922
268737368
268736740
268736374
268629951
268629552
268628923
268628539
268628201
268627817
268832115
268682572
268681454
268680732
268680205
268651450
268650939
268650421
268629127
268628559
268628193
268603749
268603204
268602978
268602519
269002246
268982477
268981718
268980994
268980708
268980377
268980192
268979382
268998125
268997014
268996685
268995377
268979215
268978477
268977761
268976783
268976115
268727101
268726204
268725077
268724381
268723536
268722572
268720270
268719334
268717202
268716262
268759917
268758509
268677966
268513245
268994120
268993657
268993289
268992313
268991423
268990357
268989892
268989417
268989115
268988418
268987887
268867739
268866443
268862235
268860691
268974867
268972166
268971044
268878071
268874507
268872446
268962579
268962213
268961171
268959514
268959040
268958489
268949518
268949054
268948525
268947837
268947122
268769570
268769126
268768723
268767811
268767143
268766463
268765989
268765734
268765280
268764926
268764722
268764379
268763910
268930840
268928621
268927546
268926872
268924888
268923590
268922894
268921687
268920720
268919992
268919284
268918437
268916756
269010894
269006792
269006157
269005467
269005076
269000703
269000084
268986571
268986140
268985223
268984653
268984207
268976707
268976165
268974644
268973087
268972741
268993912
268990062
268985841
268985323
268984844
268984389
268624497
268623845
268623554
268620318
268619937
268897790
268896980
268894829
268894040
268693816
268691671
268690886
268690176
268689083
268687997
268687053
268657331
268656613
268655964
268655282
268654672
268653468
268652821
268652098
268651225
268650571
268650108
268649631
268649135
268648448
269012476
269011900
269006712
269006376
269004028
268980967
268980479
268979422
268978334
268977449
268976671
268976156
268975462
268974904
268974324
268973489
268972297
268971685
269002162
268897263
268891628
268888837
269012768
268908299
268943366
268939834
268935652
268934396
268933369
268932698
268932187
268927708
268926638
268978419
268976765
268976210
268975110
268973681
268971989
268971294
268970625
268968466
268967935
268967165
268963879
268962500
268959572
268956943
268994124
269003211
269002507
268998942
268998156
269014519
269013041
268958615
268957568
268957017
268956468
268955777
268952663
268951867
268950924
268950336
268949959
268949127
268975710
268924042
268921666
268920884
268919432
268918188
268917355
268915766
268907865
268906561
268895210
268892555
268907335
268904204
268903856
268912459
268901992
269008310
269007596
269007074
268987023
268986175
268985734
268985330
268983382
268982660
268943759
268942799
268941936
268941038
268938767
268937967
268936519
268934053
268932814
268931833
268915258
268978159
268975778
268975081
268973465
268971976
268971448
268970139
268951868
268950605
268949523
268948054
268846947
268846309
268845679
268899884
268899204
268898872
268839084
268831302
268899892
268827533
268827100
268826163
268825334
268824809
268823729
268822528
269205422
269116146
269115202
269163777
269162145
269161152
269159782
269155098
269154162
269152778
269030349
269029784
269208869
269194296
269192965
269189256
269160358
269159364
269158522
269157740
269156987
269156441
269155733
269155294
269154745
269153919
269153282
269152391
269151473
269151147
269150708
269140137
269139548
269138565
269137929
269137099
269136321
269135709
269135233
269134315
269133174
269131913
269131083
269130101
269051482
269050901
269214578
269213815
269201552
269200974
269199989
269199097
269198383
269197377
269123370
269112164
269111293
269110325
269109634
269108556
269108181
269130253
269129201
269114874
269171946
269170812
269169252
269168242
269166717
269165926
269165244
269163966
269163314
269162377
269160688
269159723
269158620
269157819
269156660
269100044
269099573
269099138
269098895
269098531
269098226
269097825
269097435
269053556
269208334
269205817
269205216
269204735
269203765
269090351
269089919
269089563
269082817
269082334
269081475
269080655
269080317
269087477
269086344
269085492
269084879
269146609
269145678
269144949
269144613
269143796
269143269
269142374
269141598
269140620
269138567
269137447
269136231
269135510
269134554
269074809
269074346
269073823
269073397
269072998
269072419
269071991
269071329
269070631
269070231
269069783
269069422
269065911
269064972
269064340
